-0.191148
-0.358274
0.493003
-0.679376
-0.961895
-0.778757
0.247213
-0.65256
-0.278342
-0.167157
0.30433
0.440757
0.59446
0.56224
-0.139904
-0.844525
0.739769
0.512375
0.553187
0.703055
-0.620908
-0.200113
-0.395579
0.794816
-0.32271
-0.20579
-0.769585
0.313096
-0.593407
-0.225683
-0.261442
0.242206
-0.48857
-0.0746099
0.0776263
-0.00553384
0.483802
-0.690949
-0.760797
0.320028
-0.945346
0.195205
0.683963
-0.410155
0.231929
0.56931
-0.980525
-0.425301
-0.446277
0.736852
-0.04796
-0.879543
-0.656807
0.917474
-0.749769
0.466532
0.275332
-0.885812
0.701257
-0.0381053
0.136538
0.334539
0.479561
-0.330132
0.34469
0.00610312
-0.115695
0.518122
-0.532396
-0.640361
-0.965573
-0.803197
0.259031
-0.423406
-0.824578
-0.923614
0.443565
-0.934115
0.688616
0.437206
0.620784
-0.167529
-0.244552
0.294114
0.442281
0.292437
-0.87409
0.191214
-0.015384
0.0967593
-0.24438
-0.00601406
0.968525
-0.709791
-0.917335
-0.801634
-0.103782
-0.411982
0.0201258
0.0984139
0.694946
-0.360947
0.254074
-0.0891463
0.513987
0.995846
0.215383
0.593803
-0.0531368
-0.350341
0.811542
-0.652803
-0.124043
0.176835
0.0599788
0.0768221
-0.798236
0.436714
0.760553
-0.198087
0.330521
0.714036
-0.256269
0.438364
0.726696
0.869554
0.871419
0.0579834
0.860215
-0.500279
0.238863
0.91723
-0.191021
0.826459
-0.099737
-0.592662
0.741576
0.913608
0.4658
-0.187198
0.268078
0.418337
0.259538
0.131265
0.335831
0.240739
0.246393
-0.272981
-0.567885
-0.477432
-0.520633
-0.0225265
0.120911
-0.162792
0.624119
-0.885359
0.458274
0.361956
0.950758
-0.755558
-0.21974
-0.603396
0.939572
-0.895798
0.89022
0.983133
0.110179
-0.993637
0.841457
-0.725103
-0.00767905
-0.51842
0.017899
-0.378671
0.966675
0.956836
0.333033
-0.990057
-0.918578
0.0376959
-0.0532278
0.0943084
-0.462625
0.288555
-0.633739
0.800228
0.734492
-0.640597
0.114486
0.598579
0.288475
0.358598
0.0591498
0.670974
-0.361833
-0.440748
-0.769169
-0.809686
-0.540968
0.940283
0.290085
-0.996569
-0.381336
-0.953908
-0.272855
0.405727
-0.32333
0.52366
0.140514
0.480593
0.106609
-0.638241
0.871587
0.704168
0.0526883
-0.627466
0.99126
-0.286323
-0.564548
-0.292264
-0.958865
-0.780342
0.598414
-0.531233
0.838746
0.347995
-0.397981
0.829067
0.830907
0.487124
0.207313
0.389999
0.529771
0.375108
0.512469
0.898372
0.63068
0.712031
-0.643673
0.262703
-0.430472
-0.795097
0.587544
-0.423586
-0.974374
0.648489
-0.345429
-0.993311
-0.261092
0.235795
-0.607559
0.362714
0.857415
0.646522
-0.511063
0.402343
0.368379
0.415186
0.642994
-0.768069
-0.977914
-0.530231
0.36234
0.0120866
0.294637
0.945556
-0.47901
-0.1051
0.269037
-0.594393
0.953854
0.623375
-0.759304
-0.860673
-0.481228
0.991943
-0.236154
0.812504
0.291975
-0.921051
0.896359
0.256874
0.938585
0.139433
-0.0956194
0.634441
0.966134
0.50199
0.219476
-0.447971
0.77576
0.941578
0.878381
0.145597
-0.774866
0.42839
-0.865785
-0.146347
-0.511325
0.554735
-0.464806
-0.295628
0.49813
-0.351298
0.399469
-0.721169
0.882076
-0.894567
0.650984
0.69982
-0.656335
-0.435563
-0.714903
0.697592
0.0181297
-0.665226
0.258436
0.576521
0.100111
0.452427
-0.931668
-0.229575
-0.86493
-0.74028
-0.146337
0.924432
-0.779335
-0.430792
-0.102753
0.633466
0.951289
-0.623288
-0.753528
-0.727452
0.983102
0.899674
0.838439
0.745027
-0.68916
-0.794803
0.314559
0.056813
-0.842335
-0.692499
0.410895
-0.902019
-0.224178
-0.989965
0.889637
0.602503
-0.133919
-0.795364
-0.851379
-0.171174
-0.537412
-0.606153
-0.384505
0.999157
0.89338
-0.359207
0.00359943
0.775347
0.726622
0.266934
0.805966
0.0121998
0.807089
-0.763206
0.123227
0.265241
0.939062
-0.959699
-0.359892
-0.793331
-0.944265
-0.26553
-0.491575
-0.175944
0.73523
-0.636545
0.435245
-0.958362
-0.96309
-0.831988
-0.985747
0.751164
0.0744309
-0.571779
-0.964047
-0.993033
0.123868
0.0220802
-0.0869653
0.021794
0.770507
-0.75766
-0.287035
-0.107918
0.712416
0.752967
0.591363
-0.0803279
-0.566877
-0.155578
0.456629
-0.868132
0.0961337
0.496161
0.0157546
0.431257
0.513853
-0.378276
0.222749
0.273709
-0.337848
-0.527473
0.0459561
-0.401059
0.780492
-0.373073
-0.129967
-0.765116
-0.597095
0.699485
0.939913
0.373531
0.737992
-0.25549
-0.988636
0.845139
-0.158088
0.380211
0.27368
0.681461
0.785864
-0.803067
-0.41594
-0.066539
0.191825
0.100169
0.408716
0.342426
0.0394828
-0.549628
0.259217
0.121454
0.86483
0.288484
-0.735105
0.338569
0.0105532
0.258341
0.968922
0.736069
0.737955
0.022205
0.342302
0.299629
0.204825
-0.382526
-0.467914
-0.826896
0.352954
0.325178
0.825783
0.821066
-0.576459
0.530938
-0.256519
0.146624
0.251229
-0.779905
-0.754257
0.0371724
0.269496
0.75138
0.976712
0.849768
0.717771
0.475444
-0.965758
0.198222
0.516102
-0.394534
0.174079
0.199645
-0.0704337
-0.161133
0.429681
0.577397
0.785948
-0.162765
0.553257
0.431707
-0.294775
-0.334771
-0.251108
-0.651775
0.23169
0.256237
-0.920824
-0.301775
0.555235
0.111487
0.168797
-0.985337
-0.45734
-0.0140952
0.871307
0.626741
-0.995124
-0.876208
0.160391
-0.295087
-0.531426
0.957789
0.0960945
-0.833792
0.884395
-0.874626
-0.832628
-0.665984
0.791464
0.607194
0.913915
0.0969774
0.393796
0.555877
0.0743738
-0.356292
-0.0103523
-0.334121
0.484711
0.0140796
-0.900214
0.518534
-0.0822409
0.795941
0.367087
-0.884417
-0.585015
0.168101
0.196799
-0.618763
0.803425
0.341813
0.632234
0.096347
0.100926
0.488094
-0.849206
0.666962
0.51489
0.931753
-0.580241
-0.141485
0.0290676
0.708319
0.9386
-0.677939
-0.695192
-0.785666
-0.173386
0.698874
0.447845
0.454084
-0.142325
-0.644084
-0.862149
-0.601022
0.294194
0.68623
0.35183
-0.844977
0.924934
0.666679
-0.00973244
-0.801772
0.870028
0.710229
-0.4461
0.825928
0.0944623
0.468562
-0.711463
-0.525703
-0.176634
0.66508
-0.963454
0.0289692
0.403316
-0.669112
-0.3334
0.572502
0.55443
0.964353
-0.302466
0.79414
0.240815
-0.535546
-0.959661
-0.352684
-0.699079
-0.739415
-0.805654
-0.306138
-0.18801
0.752729
-0.662124
-0.463453
-0.442578
-0.909582
0.873321
0.0425607
0.0255693
-0.556652
0.727892
-0.124859
0.383053
-0.559501
0.77058
-0.47896
0.959101
0.5308
0.401583
0.5869
-0.900427
0.899169
-0.643538
0.451132
0.484741
0.140384
-0.454784
-0.702696
0.861223
-0.172122
0.00497966
0.105886
0.905738
-0.544844
0.596778
-0.117135
0.817002
0.0806843
-0.304291
0.256385
0.129788
0.219229
-0.662524
0.789248
-0.398407
-0.986556
-0.946192
0.223984
0.022234
-0.438365
0.482966
-0.0209524
0.224596
-0.312848
-0.0606124
-0.980312
-0.979953
0.0947374
-0.457839
-0.32278
0.831697
-0.867263
0.159071
-0.147323
-0.468102
-0.272435
-0.240825
-0.0615747
0.279511
0.269191
-0.899742
0.728387
-0.217803
0.00787783
0.00832891
0.142904
0.171352
0.0861798
-0.580413
0.72497
0.844961
-0.232236
0.196397
0.304596
-0.925724
-0.99331
-0.28486
0.417527
0.414799
0.871106
-0.505865
0.346776
0.189797
0.801237
-0.215644
-0.762571
0.906849
-0.227906
-0.894538
-0.612287
0.343513
0.507333
0.780479
-0.778122
-0.928374
-0.312868
0.16418
-0.0136292
-0.659276
0.428741
-0.0810075
-0.572675
-0.18179
-0.88298
-0.826772
0.128428
-0.888704
-0.390363
0.352543
0.983418
-0.499749
-0.298782
0.381898
0.469977
-0.711633
-0.00329614
-0.0146651
0.326619
-0.265811
-0.917601
0.559058
-0.166535
-0.919141
0.0015041
0.881541
-0.832899
0.332649
0.450811
0.436232
0.755522
0.359592
0.718443
-0.281175
0.853988
-0.414374
0.200405
0.00311251
-0.0564382
-0.857426
-0.421054
-0.889434
0.802069
-0.289834
0.109779
-0.677081
0.637425
0.307038
0.546689
-0.874054
0.840745
0.575092
-0.0835074
-0.329711
0.297687
-0.307003
-0.773574
-0.657135
-0.871631
0.929127
-0.0037627
-0.926253
-0.891326
-0.49922
0.299373
-0.39265
-0.769493
-0.789785
0.140084
0.771514
0.964921
-0.844821
-0.759486
-0.475526
-0.632512
-0.418324
0.723178
-0.38136
0.597674
0.249221
0.508299
0.500791
-0.59489
0.126745
0.961511
-0.211138
0.142024
0.492365
-0.849238
-0.200375
0.820118
0.79243
-0.53456
0.49507
-0.202755
-0.866472
0.669363
0.251483
-0.856538
0.0238214
-0.965265
0.672431
-0.863628
-0.644817
0.17693
0.545564
-0.781994
-0.531843
-0.480396
-0.465623
-0.298967
0.0670903
0.486631
-0.413926
0.949529
0.469269
-0.0863249
0.209053
0.71442
-0.929827
0.765371
-0.957641
-0.439658
-0.151217
-0.887822
0.713718
0.962625
0.172999
-0.845693
0.551765
0.136356
-0.824884
-0.909146
0.712472
0.195458
0.403432
0.642089
0.498263
0.572794
0.0632796
0.107794
-0.436616
0.039353
0.538581
-0.0695721
0.500539
-0.370509
0.770531
-0.548772
-0.0331294
-0.536912
0.105239
0.675978
-0.293248
-0.136471
0.15327
-0.649733
0.708178
0.0191494
-0.168166
0.893315
0.368201
-0.598759
-0.371873
0.135399
0.375164
0.487728
0.209489
0.50781
0.422457
-0.135246
-0.743193
-0.503265
-0.157431
0.873906
0.0678344
-0.551601
0.745478
0.323377
-0.192419
0.525192
-0.89779
-0.279287
0.441153
0.741709
0.25616
-0.508302
-0.100614
0.869164
-0.587041
0.913491
0.304586
-0.539848
0.378786
0.146268
-0.834169
-0.671236
0.0574847
0.964452
0.908291
0.132311
-0.346361
-0.68524
-0.66672
-0.671276
0.214693
-0.0495821
-0.377229
-0.726515
-0.794976
-0.459031
-0.099478
0.441647
0.40483
0.0841718
0.713945
0.3834
0.0828547
0.542606
-0.851356
-0.380805
0.224371
0.28597
-0.129196
0.349786
-0.962911
0.446678
0.898025
-0.430367
-0.878316
-0.0891201
0.477599
-0.611461
-0.385056
0.669435
0.783495
0.474078
0.962431
-0.340985
-0.563794
0.819134
-0.446326
0.85725
-0.789381
-0.188526
0.956414
0.0118852
0.998796
0.878371
0.15829
0.908806
0.275826
0.82567
-0.139987
-0.275559
0.575469
-0.527826
0.952057
0.610116
0.783698
-0.97938
0.92682
-0.877176
0.218941
0.903822
-0.23917
-0.586827
0.0465815
-0.0856728
-0.936664
-0.0644419
-0.815153
-0.161864
0.0988943
-0.317189
0.927149
-0.468871
0.717417
-0.201309
-0.2842
0.717569
-0.312965
-0.234008
-0.993659
0.103034
-0.0851928
-0.512461
0.940652
-0.609988
0.573024
-0.442104
-0.977584
0.999808
-0.098329
0.898914
0.166716
-0.365794
-0.201699
0.127737
0.882252
0.526451
-0.831547
0.997228
0.771839
0.297478
-0.873736
0.586068
-0.827617
-0.581407
0.413227
-0.310187
-0.884754
0.849276
-0.256058
-0.452082
0.574142
0.144735
0.857316
-0.242229
0.509329
-0.919804
-0.374434
0.073262
0.013396
0.994168
0.509368
-0.820025
-0.421126
0.904353
-0.0525526
-0.892337
0.828227
0.791864
-0.300768
-0.011028
0.911298
0.693867
0.732945
-0.950527
0.390093
-0.571356
0.705603
-0.544873
-0.265322
-0.373314
0.199364
0.617486
0.688869
-0.0713324
-0.155939
0.54417
-0.941826
-0.453427
0.062384
-0.0732096
-0.670138
-0.291623
0.313353
-0.880178
0.748243
-0.606149
0.718029
0.473611
0.669729
-0.771387
0.887486
-0.373494
-0.356015
-0.551649
-0.718237
0.208148
0.0158458
0.774507
0.597325
0.487221
-0.202336
0.546253
0.296243
0.283415
0.970343
-0.903712
0.715424
0.105992
0.261309
0.236292
0.198171
-0.438964
0.622852
-0.45673
0.599526
-0.113457
0.66093
-0.241339
0.827149
0.231999
0.804577
0.817952
0.511922
0.266441
-0.519644
0.968247
-0.0958941
-0.000325506
0.744718
0.0293633
-0.178644
0.168019
-0.140234
-0.0855833
-0.38721
-0.629197
-0.976128
-0.836188
0.126956
-0.0367276
0.0647783
0.192283
-0.70801
-0.628701
-0.632156
0.159126
-0.918038
0.904415
0.387937
-0.0801646
0.426724
-0.610452
-0.245021
-0.755907
-0.976168
-0.7979
0.688759
-0.0468809
0.0622076
-0.869719
-0.881627
0.395671
-0.864064
-0.337932
0.00605632
0.527614
-0.873766
-0.597026
0.948016
0.442032
0.423963
0.221595
-0.823722
-0.427783
-0.293254
0.877192
0.716502
-0.75343
0.546173
-0.0191183
-0.0239513
-0.930489
0.460373
-0.0639696
-0.26023
-0.603523
-0.676652
0.77327
0.695628
-0.86313
-0.971681
-0.760192
0.324461
0.91154
0.745641
-0.547636
-0.126639
-0.424073
-0.595161
0.666566
0.538118
0.428871
0.0737253
0.0785893
0.468829
-0.919344
0.376718
-0.80144
-0.316203
-0.78892
0.782468
-0.998993
0.358249
0.408921
-0.815725
0.811888
-0.57269
0.536799
-0.420037
0.441444
0.287947
0.908831
0.382695
0.527567
-0.0508043
-0.595076
-0.884386
0.599219
-0.307355
-0.881216
-0.508958
-0.405394
0.811415
-0.675731
-0.725399
-0.027569
-0.744275
-0.332789
0.88676
-0.204905
-0.456386
-0.348542
0.406557
0.174765
0.709851
0.762453
0.805019
-0.225771
0.546409
0.416597
0.921873
-0.941148
-0.446285
-0.98169
-0.685222
0.0659231
-0.0919364
-0.19344
0.691975
0.431757
-0.0997124
-0.191895
-0.576164
-0.616357
-0.67545
0.982485
-0.834561
-0.161896
0.791689
-0.36049
-0.327291
0.327342
-0.280356
0.948013
-0.669737
-0.282395
-0.219353
0.902595
-0.631948
0.316073
0.156697
-0.739401
-0.232803
-0.891562
0.54438
-0.835021
0.127881
-0.102459
-0.784664
0.29826
-0.591412
-0.146677
0.631429
-0.426432
-0.720421
-0.759168
-0.992012
-0.462483
-0.247498
-0.304804
0.726744
-0.915722
-0.945868
0.772915
-0.808608
0.366729
-0.641121
0.717535
-0.317961
-0.660073
0.380212
-0.37922
-0.767274
0.163361
-0.64558
0.0795702
0.512042
-0.769208
0.314975
-0.225393
-0.775343
0.912977
-0.794898
-0.222025
-0.358874
0.274598
-0.146635
-0.628909
-0.787528
0.145826
-0.25415
-0.293243
0.322568
-0.242124
-0.0246479
-0.571322
-0.674265
-0.0479289
-0.531497
0.167384
-0.921281
0.237114
-0.695077
0.415625
-0.287283
0.658741
0.928599
0.350262
0.620848
0.361466
-0.749126
0.273312
-0.331586
-0.999301
0.150389
0.773859
0.579796
0.0928808
0.771235
0.277066
-0.0790837
-0.112779
-0.987546
0.885315
0.369528
-0.380755
0.210613
0.915734
-0.738041
-0.288873
-0.888316
-0.946122
-0.00605279
0.651568
0.462065
-0.794757
-0.177281
-0.935725
-0.60332
0.140594
-0.780584
0.233783
-0.661786
0.743699
0.638796
0.411717
0.594571
0.441549
-0.615879
-0.58769
-0.425001
-0.879446
-0.0823572
0.408221
-0.432587
-0.187807
0.409561
-0.764579
0.707848
0.591894
-0.687341
-0.549141
0.0321431
0.565965
0.690767
0.496803
-0.747021
-0.621914
-0.768127
0.758298
0.590783
0.577977
-0.875878
0.3729
-0.0254542
0.269372
0.405155
0.173361
0.531749
-0.367468
-0.813092
0.236376
-0.0889015
-0.956832
-0.0240537
0.172601
-0.928755
0.40623
0.700484
-0.416551
0.305406
-0.889466
-0.450679
0.832625
-0.10795
0.953926
0.48051
-0.167669
0.538083
-0.173918
0.506744
0.634053
0.124535
-0.913181
-0.952922
-0.973185
-0.38201
-0.811039
-0.0154579
0.938325
0.770222
0.152931
0.669424
-0.332332
0.695652
-0.400911
0.9081
0.403487
0.704946
0.789452
-0.841703
0.404355
0.691976
0.296958
0.0784866
0.106989
-0.475503
0.184314
0.319415
-0.831917
-0.234765
-0.0118681
0.929109
0.23567
0.282983
-0.418121
-0.955234
-0.985591
-0.379735
-0.982809
0.627972
-0.0973624
0.916394
0.826429
-0.930728
-0.704786
0.692737
-0.719353
-0.0852497
0.926983
0.783426
-0.352252
0.20126
-0.247339
0.141003
0.393164
0.060945
0.207478
0.377185
0.531216
0.53004
0.378232
-0.644409
0.0963962
0.906675
-0.271498
-0.579904
0.802826
0.229798
-0.227186
0.0859331
-0.505987
0.953437
-0.353937
-0.960782
-0.909286
-0.281335
0.507452
0.465856
0.0466268
0.297928
0.839487
0.980732
-0.33068
-0.053229
-0.438554
0.299911
0.225317
0.80853
-0.502374
0.249524
-0.724407
-0.542084
0.787974
-0.574549
-0.140529
0.0512906
-0.409489
0.821287
-0.978227
-0.935275
0.493379
0.504968
-0.163441
-0.171911
-0.578749
-0.485955
-0.661099
-0.562435
-0.731168
-0.625725
0.837614
-0.189346
-0.297196
-0.487694
0.191047
-0.0387742
-0.0588888
-0.183962
-0.935358
-0.816897
0.417168
0.00653133
0.21302
-0.402664
0.653735
-0.671409
-0.44426
0.276669
0.364322
0.662955
0.67853
-0.362223
-0.997073
0.0130649
0.840832
-0.824842
0.668121
0.208739
-0.944011
-0.834577
0.859178
-0.918538
0.273741
0.570022
0.750649
-0.126844
0.39648
-0.554329
0.741587
0.177118
-0.956355
-0.246234
0.40951
0.0265337
0.853558
0.800874
0.730877
-0.687623
-0.257663
-0.645391
-0.261103
-0.92426
-0.877413
0.383495
0.100522
-0.124402
-0.229224
-0.40681
-0.251852
0.985121
0.697502
0.350093
0.0770463
-0.692542
-0.611674
-0.0258228
-0.166742
-0.703919
0.453927
-0.459544
0.856352
0.685249
-0.740983
0.478253
-0.122731
0.0645233
0.316762
-0.971634
0.84752
0.953994
-0.0433828
0.935759
-0.0621727
-0.0442553
-0.344212
0.514429
0.086337
-0.870197
0.542668
-0.980462
0.435342
0.970214
0.961001
0.270117
0.615424
0.175996
-0.484031
0.978262
-0.891056
0.759428
-0.633118
-0.883864
0.899529
0.577832
-0.987399
0.777703
0.0533714
0.375975
-0.141686
-0.0849524
-0.77591
-0.386006
-0.229039
-0.136461
-0.173742
0.612605
0.764772
-0.757914
-0.311868
-0.155575
0.162507
0.872365
0.612452
0.760818
0.867544
-0.733839
-0.0622998
0.823118
0.651965
0.182447
0.336339
-0.271553
0.520618
0.198135
-0.315936
0.4681
0.444634
0.161782
-0.657273
-0.333599
-0.828915
-0.214284
-0.152256
0.0112977
0.551164
0.873619
0.963335
0.650854
0.86111
-0.685606
-0.965942
-0.587912
0.757808
-0.799165
-0.471257
-0.481192
-0.035198
0.66635
-0.538389
-0.677276
0.508137
0.868884
-0.875872
-0.734142
0.374753
0.591767
-0.386839
-0.340291
-0.447464
0.0435383
-0.214513
0.708038
0.664565
0.48933
0.801036
-0.172815
0.260107
0.307239
0.187468
-0.510371
0.751534
0.723415
0.750825
-0.35455
-0.0709588
-0.0293099
-0.582643
-0.654211
-0.696777
-0.35555
-0.189434
0.541651
0.957169
-0.856309
-0.725122
-0.68042
0.605114
0.761751
-0.937448
-0.838898
-0.347419
-0.996892
0.478506
0.944079
0.195276
0.830611
-0.032864
-0.0997273
-0.657051
-0.748362
-0.840222
-0.566831
-0.598276
0.297468
0.28676
0.124309
-0.980208
-0.911055
-0.5524
-0.909654
0.0929439
0.351423
-0.00162029
0.605767
-0.798604
-0.112435
0.791976
-0.353128
0.178648
0.55766
-0.63596
0.741356
-0.292462
0.517684
-0.998297
0.694379
-0.366953
-0.483273
-0.793604
-0.70922
0.43799
-0.378519
0.405997
0.876721
-0.290904
0.00798642
0.291123
-0.937466
-0.810609
-0.631214
-0.303981
-0.0225447
-0.576489
0.880241
-0.204067
-0.273415
0.966674
-0.980881
0.141808
-0.0394577
0.59777
-0.13435
-0.870571
-0.959167
0.407298
0.923333
0.638128
-0.485464
0.310136
-0.572345
0.767458
0.890281
-0.506708
0.900663
0.78822
0.734338
-0.168686
0.362066
0.934968
-0.484589
-0.635851
-0.360844
-0.929968
0.573214
0.269653
0.86943
0.315313
0.540224
-0.802891
-0.883794
-0.12845
0.392844
-0.531439
0.439806
0.131381
-0.840401
0.994903
0.548389
-0.670911
0.0924648
-0.0354936
-0.276223
-0.135672
-0.35734
-0.718149
0.576985
0.505484
0.724267
-0.933381
-0.0460155
-0.869835
0.334391
-0.997583
-0.422537
0.785152
-0.288022
0.942646
0.968179
-0.649908
0.683989
0.0224653
0.365381
0.650795
0.582974
0.239321
-0.284493
-0.239376
0.990915
0.54232
0.312832
-0.301817
-0.58342
-0.167615
0.959328
-0.399028
0.312704
-0.112871
0.467989
-0.093385
-0.254659
0.253789
-0.174686
-0.0989481
0.919899
-0.83543
-0.557802
0.208522
-0.712194
0.929552
0.110986
0.16847
0.0612974
0.992711
0.411244
0.0117965
-0.601947
-0.431176
-0.026142
-0.97865
0.445191
0.202642
0.69533
0.580468
0.768021
0.685021
0.560653
0.338128
-0.386648
-0.109119
-0.801842
0.339265
0.125605
0.161682
-0.247098
-0.416897
-0.37613
-0.780241
-0.370238
-0.107307
0.280875
-0.814182
0.103592
0.0541587
-0.320975
0.692153
-0.633191
0.204412
-0.13312
-0.621622
0.726898
-0.518351
0.845433
0.52959
0.0456356
-0.178323
-0.929884
0.792101
-0.410395
-0.796251
0.350601
0.517746
0.730548
0.22846
0.419486
0.242562
-0.506347
0.835847
-0.808398
-0.693168
0.153372
0.698855
-0.879201
-0.352826
-0.719123
-0.735767
0.891463
0.682065
-0.268452
-0.626258
-0.970928
-0.00197692
0.540287
-0.55783
0.940123
-0.806167
0.248524
-0.567005
-0.0898835
0.159281
0.626533
-0.730562
0.0398818
0.832977
0.203324
0.0378237
-0.787741
0.059941
-0.940504
0.14705
0.570603
0.0785084
-0.440269
0.466268
-0.354159
0.644986
-0.575921
-0.00114615
-0.723984
0.235339
-0.542363
0.566446
0.891188
-0.545723
0.917704
0.0475552
0.284261
0.37122
-0.0132208
-0.185896
-0.454257
-0.236001
-0.31537
0.766139
0.487359
-0.151221
-0.495436
0.331057
0.0961019
0.115831
0.545531
0.166936
-0.570411
0.0521557
0.0565153
-0.0110363
-0.375256
0.308185
-0.82866
0.0649061
-0.154581
0.654734
-0.729822
0.135478
-0.264429
-0.241015
-0.719601
-0.331832
-0.749246
0.32897
-0.166643
-0.955056
-0.574447
0.90463
-0.0341863
-0.890766
0.595982
-0.456748
0.313242
-0.871244
-0.574641
0.495516
0.59794
0.299523
-0.507072
-0.855731
-0.193088
0.451991
-0.154719
-0.988676
0.736166
0.313922
-0.884402
0.223938
0.691515
-0.0679862
-0.149633
-0.498497
0.658675
0.913919
0.430089
0.545538
0.803851
0.978717
-0.136491
0.651073
-0.969393
0.622193
0.583939
0.79809
0.820081
0.530464
0.965966
0.640409
0.890765
0.392413
0.353043
0.0702919
-0.403124
-0.366364
-0.00180331
-0.264293
0.392362
0.249226
0.946672
0.125874
0.399679
-0.17549
-0.622312
-0.741638
-0.665109
0.276927
0.619436
-0.660923
0.216712
-0.746152
0.917136
-0.796704
-0.529288
-0.306093
0.120493
-0.673993
-0.527763
0.442474
0.316474
0.538085
0.924388
-0.722484
0.894868
-0.651401
0.306958
0.0475613
0.638365
-0.980943
0.503984
-0.028077
0.681013
0.740225
0.544589
0.174321
-0.649579
-0.735504
-0.886737
0.352797
-0.961159
0.906742
-0.285532
0.261049
0.79674
0.0603844
0.408293
0.760623
-0.130652
-0.924316
-0.906908
0.908586
0.776532
-0.191479
0.887628
0.394025
0.493111
0.67022
0.247806
0.913418
-0.0365516
0.295809
-0.00268301
-0.339914
-0.766139
-0.281351
0.997185
0.421061
-0.202381
-0.792472
0.234148
-0.458395
0.465809
0.672596
-0.308676
0.30585
-0.983641
0.616582
-0.227898
-0.881388
0.945139
0.200843
0.608485
0.727339
-0.118219
0.703323
0.084651
-0.0465913
0.618374
0.304538
0.703235
-0.261892
-0.124036
-0.4688
-0.685126
0.206469
-0.666958
0.588434
0.784191
0.179757
0.694058
0.793853
0.631859
0.338402
0.087908
0.560091
-0.567386
0.166954
0.841604
-0.885882
-0.745286
-0.475076
0.748463
-0.83912
0.527145
-0.708389
-0.645899
0.581729
-0.418425
-0.103142
-0.353792
0.177478
0.952169
-0.426797
-0.648696
0.903686
0.691092
-0.950367
0.414394
-0.753622
-0.670611
-0.722739
-0.741307
-0.979759
0.520077
-0.0361342
0.701978
-0.797365
-0.319714
-0.6755
0.129127
0.257192
0.50108
-0.187502
-0.960622
-0.052648
-0.833715
0.408157
-0.190411
-0.345518
-0.7414
-0.257915
0.572092
-0.546843
0.203586
-0.210504
-0.817166
0.0686697
0.0821878
0.80206
-0.669671
0.513738
0.474285
0.394961
-0.758364
-0.488922
0.305617
-0.537547
-0.222227
-0.756455
-0.0780828
-0.12538
-0.831208
0.37245
0.849871
-0.0220605
0.832629
0.102109
0.158493
0.0957221
-0.375299
0.0387292
0.877652
0.862483
-0.0672254
-0.0338929
0.996884
0.573798
0.425558
0.774757
-0.109276
0.513366
0.579657
-0.209307
-0.44609
-0.701114
-0.592106
-0.191136
-0.0652427
-0.555792
-0.779813
0.505565
-0.479526
0.494458
0.147583
0.813485
-0.302489
-0.28828
-0.644104
0.31075
-0.863667
0.973624
0.345541
0.817548
-0.419541
0.954478
0.505968
0.326466
0.0970997
-0.225197
0.133439
0.953917
-0.27616
-0.759819
0.343992
0.71424
-0.536994
-0.24718
0.357766
0.642268
0.302254
0.0989402
-0.416929
-0.258066
-0.493448
0.202256
0.447552
-0.503802
0.713976
-0.362354
-0.320043
-0.377612
0.678185
-0.679704
-0.1249
0.420902
-0.57227
0.126729
-0.115165
-0.748598
0.821352
0.870139
0.405716
0.478251
0.862643
-0.124931
0.4895
-0.708114
0.0841142
0.714957
-0.444289
0.533949
-0.256023
0.0724861
-0.834818
-0.526353
0.295424
0.77176
0.345958
-0.691468
0.218604
-0.181175
-0.514019
0.490639
0.274675
-0.92963
-0.0681306
-0.78522
0.42282
0.434714
0.364584
0.728721
-0.208401
-0.397846
-0.0374294
-0.321714
-0.153406
0.414943
-0.437993
0.379558
0.633565
-0.715662
-0.821734
0.879707
-0.136322
-0.1412
-0.866756
-0.895367
0.163572
0.816986
0.573705
-0.656644
0.682963
0.303582
-0.917754
-0.249647
0.415049
-0.0141141
0.727042
-0.654617
-0.836286
-0.678654
0.69732
-0.581656
-0.846243
-0.438619
-0.514834
0.923083
0.161921
0.234006
-0.920826
0.166987
-0.88279
-0.866815
-0.778305
0.00476124
-0.219496
-0.720214
-0.0616754
0.746208
-0.204337
0.0363208
0.148638
0.588538
-0.374925
-0.793318
-0.145975
0.568777
0.0100475
-0.335009
0.272461
-0.274273
-0.823591
-0.633648
-0.597403
0.57151
-0.304419
-0.108141
-0.725045
-0.0719054
0.550263
0.520147
0.336688
-0.51157
-0.475564
-0.125537
-0.00326269
0.352584
0.00785237
0.150772
-0.603705
-0.629063
-0.591154
-0.138979
-0.576328
0.419045
-0.503967
0.529016
0.217411
-0.607065
-0.0623846
0.548455
0.240006
0.285463
-0.936917
0.738865
0.265893
-0.500221
-0.169926
0.494286
-0.137621
-0.406233
-0.162224
-0.570773
0.195013
-0.795125
-0.383862
-0.321268
0.524224
0.108032
-0.246193
-0.209453
0.600404
-0.970201
-0.125027
0.145444
-0.702629
0.613314
-0.549043
-0.981806
-0.461572
-0.995557
0.885681
0.121656
0.0219283
0.516885
0.127908
-0.500906
-0.886035
0.96315
-0.84831
-0.0616479
-0.914395
0.133224
-0.922736
0.718961
0.741906
0.776229
-0.0239557
0.387216
0.840856
0.416771
-0.940185
0.45544
0.902218
0.646617
-0.777796
-0.738698
-0.675159
0.776967
-0.690739
0.550935
0.097675
-0.577833
0.476348
0.922929
0.509
0.407584
-0.369237
-0.420282
-0.0173577
0.599106
-0.560693
0.834173
0.931596
-0.634135
0.60527
0.476055
-0.634783
0.139441
-0.401156
0.491571
0.268076
0.253985
0.860943
-0.145251
0.987432
0.394326
-0.78035
-0.27928
-0.631376
-0.612672
0.276336
-0.892201
-0.0518359
0.901175
0.110222
0.655942
0.744232
0.575161
-0.503314
0.265544
0.420599
-0.429316
0.557326
0.429953
-0.868471
0.406427
0.862432
0.763657
-0.473282
0.683069
-0.690183
-0.56775
0.806028
-0.292032
-0.380721
0.464865
-0.0891022
0.858665
-0.929333
-0.510944
0.0695262
0.240595
-0.781331
-0.38453
0.254713
-0.948927
-0.16838
0.317751
-0.756443
0.736723
-0.212338
0.968687
-0.501562
-0.786019
-0.857354
-0.945149
0.0496521
0.799859
-0.832977
-0.178931
0.8107
-0.0589681
-0.0478348
0.169719
-0.859329
-0.709183
-0.145503
-0.810272
-0.521369
0.556915
-0.0666863
-0.982732
0.0888571
-0.456121
-0.0186964
0.790459
-0.0842647
-0.796577
0.680685
0.49294
0.4255
0.0530282
0.532721
-0.107044
0.996434
-0.162786
-0.910712
-0.236365
0.997423
-0.836725
-0.950527
-0.275395
-0.594557
0.116466
0.555801
-0.777716
0.979308
-0.310758
-0.463547
0.0747337
-0.788281
-0.06928
0.0955975
0.465661
-0.636805
-0.0269252
0.899285
-0.917982
0.877193
0.423372
-0.944174
-0.614952
-0.116043
-0.115073
0.830345
0.293948
-0.48475
-0.377997
-0.244251
-0.923217
-0.178157
-0.385164
-0.592719
0.165136
0.421695
0.479551
0.526697
0.76671
-0.593489
0.968938
-0.708166
-0.48822
-0.491006
-0.767051
-0.960142
-0.724945
0.229966
0.0119088
0.823155
0.487725
0.669551
0.866846
0.576731
0.598206
-0.0584174
-0.052694
0.736772
0.966976
-0.0991236
0.257232
-0.129469
0.154511
0.811479
-0.634581
0.864485
0.776191
-0.427911
0.684983
0.794674
0.315978
0.691469
0.305485
-0.281108
-0.742917
0.780137
0.62161
-0.715856
0.738969
0.752137
0.980266
0.884571
0.456109
0.810326
-0.661132
0.571864
-0.899611
-0.101913
-0.971694
0.362945
-0.733676
-0.841954
-0.93398
-0.207649
-0.161211
0.635645
0.605354
-0.939982
0.524993
-0.995861
-0.261869
-0.857829
0.792965
-0.644214
-0.325497
-0.271483
0.0470878
0.960669
0.828395
-0.260701
-0.640426
0.697775
-0.811766
-0.675919
-0.134402
-0.556286
-0.60401
0.894425
0.946319
-0.912652
0.539756
-0.882428
-0.679497
0.09402
0.276616
-0.245084
-0.981323
-0.220851
-0.344821
-0.474443
-0.91588
0.592488
-0.761229
0.558571
0.259663
-0.17835
0.199768
-0.140609
0.0817255
0.535682
0.950406
0.239632
0.217527
0.547261
0.519506
-0.265954
-0.506806
-0.490152
0.790971
0.0684035
-0.317754
-0.196069
0.326426
0.894837
-0.505641
-0.525746
0.719997
-0.532119
-0.102145
-0.884879
-0.367528
0.664851
0.0140345
-0.233595
-0.0663434
0.329851
0.613618
-0.585058
-0.738994
0.118596
-0.508606
0.805422
-0.0624864
-0.999694
0.395001
0.51903
-0.643518
0.142289
0.683101
-0.841966
0.8747
-0.914833
-0.566323
0.623189
0.783939
0.444003
-0.832708
-0.466372
0.0774685
-0.841631
-0.126323
0.0422977
-0.847903
0.602437
-0.15677
0.254876
0.276996
-0.637701
-0.217322
-0.679079
-0.405423
0.362851
-0.418543
-0.150405
-0.307303
0.12375
0.325232
0.249181
-0.526122
0.579443
0.716131
-0.149169
0.534218
0.499563
0.497473
0.367587
-0.0761161
-0.94538
-0.877916
0.461897
0.56572
0.319247
-0.348026
-0.487296
0.0887318
-0.888612
0.207773
0.496505
-0.479448
0.336187
-0.642079
-0.058232
-0.631104
-0.075788
0.538963
-0.896524
-0.718755
-0.210421
-0.00230288
-0.36933
0.0253041
-0.32059
0.273301
-0.237245
0.651142
-0.281345
0.00588373
0.198136
-0.916966
0.950291
0.289018
0.495119
-0.652664
0.140354
0.517638
-0.726779
-0.568953
0.404855
-0.0946201
-0.871123
-0.669722
0.3689
0.118862
-0.526994
0.751207
-0.357793
0.625458
0.274226
-0.0861714
-0.505798
-0.421518
0.0878837
-0.554523
0.87105
0.122617
0.705333
0.310527
-0.524828
0.45845
0.265811
-0.868825
-0.311198
0.233533
0.618988
-0.401838
-0.842066
-0.196313
0.0728114
-0.744017
0.808226
0.711986
-0.610636
-0.886231
-0.24936
-0.272396
-0.893551
-0.35073
-0.872183
0.713462
-0.574486
0.29438
0.317496
-0.82233
0.861235
-0.47379
-0.765945
-0.698649
0.824937
0.940003
-0.372671
0.902176
-0.14933
0.374919
0.615964
-0.972204
0.455255
-0.65675
-0.571154
-0.295569
-0.468173
0.251192
0.0987402
0.567593
-0.670729
0.50441
-0.456639
0.575182
-0.0181628
0.918252
0.976053
0.732376
-0.620699
-0.654039
-0.771323
-0.882807
-0.414431
0.72819
-0.824584
-0.43324
-0.783358
-0.623675
-0.490481
0.98585
-0.129091
-0.491823
0.994363
-0.777673
0.247402
-0.520256
0.960882
-0.83532
-0.460087
-0.659008
-0.602299
0.434576
0.522548
-0.638661
-0.527015
0.413888
0.833609
-0.773536
-0.669841
-0.879148
-0.649372
0.0612243
0.254115
-0.285667
0.30238
0.513258
0.208466
0.843873
0.911641
-0.0527022
0.0998138
-0.173234
-0.807019
0.174077
0.317837
-0.255005
0.393512
0.70606
0.905247
0.671333
-0.604759
-0.227754
0.146245
-0.602902
0.627656
0.88978
-0.484619
0.553196
-0.177307
-0.107252
-0.488183
0.231284
0.178823
0.706441
0.433945
-0.204831
-0.248321
-0.911609
0.838748
0.829339
-0.769916
-0.116691
-0.295675
0.480974
0.201093
0.941543
0.445263
-0.0568715
-0.0204204
-0.562052
-0.791127
0.0024161
0.377053
0.246004
0.0149482
0.438942
0.499793
0.576591
0.0771982
0.898084
-0.350637
0.150513
0.126667
-0.591632
-0.362089
-0.779041
-0.740224
-0.231116
-0.084035
-0.352376
-0.0791857
0.983716
0.158517
-0.0312173
-0.836132
0.583852
-0.673667
-0.71678
0.400249
0.756501
-0.294494
-0.667908
-0.391731
-0.777972
-0.708682
0.207061
-0.992065
-0.997285
-0.442356
0.0914219
-0.824026
-0.877967
-0.955428
0.753422
0.709616
-0.797107
-0.75972
-0.163375
0.661015
0.992065
-0.718277
0.600682
0.350117
0.259071
-0.638305
0.660061
-0.197775
0.868333
-0.452122
0.368256
0.322952
0.406987
-0.640413
0.856376
-0.743342
0.921878
0.550265
0.0985327
-0.28641
0.710065
-0.656263
0.750577
-0.289863
-0.71188
-0.121399
0.358447
-0.826012
0.440986
-0.214276
-0.942138
0.573994
-0.880115
-0.378185
0.315617
-0.364143
0.733393
0.867212
0.854985
-0.610861
0.826923
0.673404
0.516912
-0.604327
-0.930252
0.083726
0.70382
0.767491
-0.715066
-0.209018
-0.965386
0.685145
-0.926255
0.223759
0.514715
-0.879732
-0.217114
-0.545913
-0.582331
0.593009
-0.985858
0.191192
-0.603499
0.251432
-0.152435
-0.680543
0.439522
0.504975
-0.990125
-0.280883
-0.939529
0.946428
-0.172334
-0.190267
-0.168041
0.690168
0.737589
-0.634092
-0.262574
-0.653853
0.602425
-0.363557
-0.984913
0.941897
-0.900475
-0.917152
0.379372
0.801734
-0.719375
-0.616212
0.76861
0.340427
0.35575
-0.590993
0.464559
0.0926596
0.38263
0.41953
-0.033785
0.841352
-0.0142725
0.0183638
0.715174
-0.676416
0.537296
-0.337119
-0.817323
0.712749
0.303681
-0.273692
0.83301
-0.100971
0.284073
-0.113393
0.992199
0.376516
-0.739146
0.496273
-0.918809
-0.809339
-0.416967
0.601114
-0.287871
-0.510161
-0.64277
0.714391
-0.0615241
0.619972
0.45343
0.634642
-0.162607
-0.528133
0.43515
-0.111921
-0.94473
-0.782552
0.971542
-0.401089
-0.661437
-0.362813
0.504174
0.452532
0.158015
-0.751576
0.804617
-0.413336
0.820847
-0.731333
-0.845782
0.222313
-0.0707924
0.255183
-0.344403
-0.476676
0.0358326
0.134103
-0.218204
0.814428
0.453645
-0.256593
-0.950577
-0.363326
-0.667084
-0.454388
0.363683
-0.677303
0.327765
0.168598
0.951592
0.348343
-0.773131
-0.504295
0.435807
0.725867
-0.342511
-0.618096
-0.323626
-0.222423
0.98388
0.242528
-0.756909
-0.749826
-0.122868
-0.125312
0.776788
0.132252
0.281678
-0.0423407
-0.579956
-0.655999
0.325301
-0.728933
-0.725575
-0.273081
-0.766424
-0.01844
-0.417126
-0.976271
0.551951
0.0619239
0.867101
-0.217312
0.0741346
-0.970915
0.0823858
-0.762571
0.716486
0.133987
0.566967
-0.385849
0.302564
0.196363
0.472825
0.429478
0.398179
0.568981
0.786336
0.698221
-0.0445812
0.979894
0.895631
0.233042
0.437716
0.74426
0.134643
-0.70424
-0.563089
0.800948
-0.895074
0.493505
0.707364
-0.872858
-0.260172
-0.82929
0.771042
-0.511819
-0.465129
-0.571037
0.878264
-0.331726
-0.424661
0.171476
-0.937338
0.38725
0.352687
0.254758
0.955804
-0.444363
0.750802
-0.545894
-0.83774
0.108972
0.92054
-0.479662
-0.222991
-0.263379
-0.849343
-0.26661
0.457111
0.826222
-0.616067
-0.726763
0.712357
0.638537
0.784977
0.53827
-0.557426
-0.213992
0.308411
-0.580389
0.390204
-0.747378
0.0932069
0.436407
0.424771
-0.872701
-0.642698
0.992552
0.0838264
-0.511121
0.163726
-0.102361
-0.276659
-0.659397
-0.763645
0.857824
-0.460947
-0.133606
-0.954954
-0.599465
0.82529
-0.437374
0.432918
-0.949855
-0.529486
0.403247
-0.914324
-0.403171
-0.587303
-0.848518
-0.63295
0.815844
0.131456
-0.543958
0.262912
0.706738
0.495786
0.0268665
-0.0493666
-0.0389241
0.847805
0.831395
-0.69294
0.433705
-0.0516336
0.473573
0.169067
-0.366272
0.749176
0.729493
0.787881
-0.877732
0.422491
-0.406343
0.988184
-0.405081
-0.00180865
-0.405327
0.903444
0.438935
-0.236977
-0.656385
0.621212
-0.961267
-0.3073
0.764312
-0.952628
0.871791
0.169383
-0.851384
0.839893
0.372949
0.0128915
-0.121391
-0.645931
-0.0688802
-0.505541
-0.57056
-0.114759
-0.512892
-0.966438
-0.563004
0.865983
-0.250197
-0.254609
-0.013727
0.179876
-0.790939
0.415381
0.96549
0.285898
-0.551904
0.41028
-0.436979
-0.191829
-0.666646
0.797391
0.175945
-0.467327
-0.234273
0.597756
-0.482697
-0.504308
0.460071
-0.673639
-0.935759
-0.11277
0.11472
-0.442278
0.00943652
-0.161765
0.159108
0.927909
-0.432679
0.502422
0.0241218
0.367637
0.752311
0.787459
-0.411628
-0.896793
-0.416776
-0.611769
-0.799917
0.58261
0.951355
0.100578
0.877543
0.0437641
0.707664
0.867381
0.807264
-0.761134
-0.0160714
-0.951277
0.603216
-0.922404
-0.0219947
-0.45451
-0.0384584
-0.933359
-0.60753
0.246795
0.0869405
0.0289993
-0.915416
-0.749282
0.307485
-0.146818
0.658683
-0.079223
-0.917108
-0.58527
-0.718119
0.979069
-0.777061
0.968169
0.406473
0.456728
0.31067
-0.591551
0.0796454
0.703354
0.895257
0.833873
-0.706465
-0.934191
-0.666262
0.0487265
0.177148
0.88795
-0.210104
-0.991915
0.985905
-0.90091
-0.0294115
0.584856
0.541252
-0.189019
-0.00519423
-0.819301
-0.227153
0.0469286
0.347861
-0.331717
0.872407
-0.247035
-0.839353
0.452313
-0.880002
-0.571411
-0.991932
-0.414169
0.397174
-0.15857
-0.376271
0.848121
-0.636349
0.884954
-0.695155
-0.689179
-0.256918
0.490692
0.28365
0.687159
0.235024
-0.155967
0.0048966
-0.968921
0.963412
0.523876
-0.211779
0.396958
-0.270317
0.231899
0.765959
0.841407
-0.879742
0.889449
0.221953
0.165533
0.17589
0.463561
0.994227
0.141757
0.0482936
0.408573
0.918704
0.448042
-0.898152
-0.892682
-0.9259
-0.472132
-0.103752
-0.889347
-0.0840803
-0.930955
-0.232883
-0.635078
0.296422
0.876762
-0.388079
0.521055
0.777164
-0.0296214
0.111809
0.335633
0.815952
-0.552206
-0.531555
0.263594
-0.152642
-0.504691
-0.501065
-0.926024
0.106076
-0.814453
0.630677
-0.300016
0.688037
-0.749531
0.292327
-0.691946
-0.670386
-0.453482
-0.818504
-0.56272
-0.222895
-0.407395
-0.0301782
-0.26708
0.761035
-0.804854
-0.544595
-0.577509
-0.808457
-0.295431
-0.452639
0.0901697
-0.17617
0.726922
0.85795
-0.324267
-0.307614
0.0475302
-0.0392346
-0.547438
-0.790767
-0.345734
-0.282197
0.51287
-0.00306612
-0.560739
-0.762443
-0.315498
0.581628
-0.0115244
-0.919803
0.253944
0.216165
-0.249089
-0.680243
0.779986
0.897811
0.474491
0.694819
-0.287838
0.0597929
-0.827436
-0.810486
-0.647089
0.905493
0.543464
0.347083
0.835328
-0.48386
-0.611631
-0.838859
